2.504032291471958160e-02 0.000000000000000000e+00
7.512097060680389404e-02 0.000000000000000000e+00
1.252016127109527588e-01 0.000000000000000000e+00
1.752822697162628174e-01 0.000000000000000000e+00
2.253629118204116821e-01 0.000000000000000000e+00
2.754435539245605469e-01 0.000000000000000000e+00
3.255241811275482178e-01 0.000000000000000000e+00
3.756048679351806641e-01 0.000000000000000000e+00
4.256854951381683350e-01 0.000000000000000000e+00
4.757661223411560059e-01 0.000000000000000000e+00
5.258467793464660645e-01 0.000000000000000000e+00
5.759274363517761230e-01 0.000000000000000000e+00
6.260080337524414062e-01 0.000000000000000000e+00
6.760886311531066895e-01 0.000000000000000000e+00
7.261693477630615234e-01 0.000000000000000000e+00
7.762500047683715820e-01 0.000000000000000000e+00
8.263306617736816406e-01 0.000000000000000000e+00
8.764113187789916992e-01 0.000000000000000000e+00
9.264919161796569824e-01 3.517512150219925023e-03
9.765726327896118164e-01 1.899641189192698837e-02
1.026653170585632324e+00 5.729556805632199205e-03
1.076733946800231934e+00 0.000000000000000000e+00
1.126814484596252441e+00 0.000000000000000000e+00
1.176895141601562500e+00 0.000000000000000000e+00
1.226975798606872559e+00 0.000000000000000000e+00
1.277056336402893066e+00 0.000000000000000000e+00
1.327136993408203125e+00 0.000000000000000000e+00
1.377217769622802734e+00 0.000000000000000000e+00
1.427298307418823242e+00 0.000000000000000000e+00
1.477378845214843750e+00 0.000000000000000000e+00
1.527459621429443359e+00 0.000000000000000000e+00
1.577540397644042969e+00 0.000000000000000000e+00
1.627621054649353027e+00 1.139946763985168719e-03
1.677701592445373535e+00 0.000000000000000000e+00
1.727782249450683594e+00 2.023235596301272213e-03
1.777862906455993652e+00 9.554294271563786717e-04
1.827943563461303711e+00 9.038001198373644919e-04
1.878024220466613770e+00 8.562409850116018805e-04
1.928104758262634277e+00 2.437027346251151479e-03
1.978185415267944336e+00 1.543465889206016703e-03
2.028266191482543945e+00 0.000000000000000000e+00
2.078346729278564453e+00 0.000000000000000000e+00
2.128427267074584961e+00 1.333267472871416679e-03
2.178508043289184570e+00 6.363358489261638747e-04
2.228588819503784180e+00 1.216121507640322051e-03
2.278669357299804688e+00 5.816257661350385504e-04
2.328749895095825195e+00 1.113762505780735998e-03
2.378830671310424805e+00 1.067359964216340164e-03
2.428911209106445312e+00 0.000000000000000000e+00
2.478991985321044922e+00 1.395651905268379955e-01
2.529072761535644531e+00 4.679093418272728955e-01
2.579153060913085938e+00 6.687446263247214251e-01
2.629233598709106445e+00 1.601133134807204872e+00
2.679314613342285156e+00 1.824538050991561855e+00
2.729394912719726562e+00 2.144133517436977776e+00
2.779475688934326172e+00 2.740359172418584954e+00
2.829556465148925781e+00 2.578184024338448399e+00
2.879636764526367188e+00 2.580709455881807557e+00
2.929718017578125000e+00 2.436232719047405126e+00
2.979798316955566406e+00 1.642477180048182550e+00
3.029878616333007812e+00 1.416239096364974470e+00
3.079959869384765625e+00 1.484852498322678738e+00
3.130040168762207031e+00 1.010776901897523228e+00
3.180121183395385742e+00 6.324911275968155833e-01
3.230201721191406250e+00 9.962516280102776678e-01
3.280282020568847656e+00 7.067235687562385404e-01
3.330363035202026367e+00 5.644580805345508212e-01
3.380443572998046875e+00 9.910598785345140493e-01
3.430524110794067383e+00 1.042661994478455867e+00
3.480604887008666992e+00 1.203828523010102014e+00
3.530685424804687500e+00 1.095059164443889177e+00
3.580766201019287109e+00 1.005990277314704251e+00
3.630846738815307617e+00 8.925294498628040252e-01
3.680927276611328125e+00 7.701065646538997056e-01
3.731008052825927734e+00 9.524230233163933912e-01
3.781088590621948242e+00 1.146208751763803102e+00
3.831169366836547852e+00 1.080848343073028239e+00
3.881249904632568359e+00 9.316374766076378489e-01
3.931330442428588867e+00 7.351202939574366102e-01
3.981411457061767578e+00 8.194331221502587637e-01
4.031491756439208984e+00 8.943455397244692850e-01
4.081572532653808594e+00 9.125901303439436507e-01
4.131653308868408203e+00 1.000116966237876825e+00
4.181733608245849609e+00 1.223446162289421268e+00
4.231814384460449219e+00 1.372921700872158812e+00
4.281895160675048828e+00 1.305571981100935419e+00
4.331975460052490234e+00 1.104484803831971229e+00
4.382056713104248047e+00 9.029255617343320273e-01
4.432137012481689453e+00 1.073126517396274293e+00
4.482217311859130859e+00 1.102037919224730267e+00
4.532298564910888672e+00 1.010040200572853930e+00
4.582378864288330078e+00 8.544709979678941636e-01
4.632459640502929688e+00 9.113944439828894906e-01
4.682540416717529297e+00 1.119540028119406339e+00
4.732620716094970703e+00 1.225150787385063111e+00
4.782701492309570312e+00 1.170711530450167404e+00
4.832782268524169922e+00 8.860193594739078637e-01
4.882863044738769531e+00 1.070485957193669124e+00
4.932943344116210938e+00 9.824589045997917935e-01
4.983024120330810547e+00 1.105840990507321431e+00
5.033104419708251953e+00 1.061424049914455381e+00
5.083185195922851562e+00 7.883664448427245564e-01
5.133266448974609375e+00 7.734076645567750097e-01
5.183346271514892578e+00 8.721844822564955857e-01
5.233427047729492188e+00 1.061214055526343625e+00
5.283508300781250000e+00 9.531359135527499582e-01
5.333588600158691406e+00 1.117060990054870473e+00
5.383668899536132812e+00 1.032722866443200438e+00
5.433750152587890625e+00 9.186440752460444115e-01
5.483830451965332031e+00 9.102706057338734169e-01
5.533910751342773438e+00 1.060055394202879864e+00
5.583992004394531250e+00 1.206845751711016934e+00
5.634072303771972656e+00 9.449533928127605842e-01
5.684152603149414062e+00 8.049986718284313225e-01
5.734233856201171875e+00 1.005822362381401991e+00
5.784315109252929688e+00 1.104758194075011080e+00
5.834394454956054688e+00 8.989324321338664214e-01
5.884475708007812500e+00 1.070681486025319096e+00
5.934556961059570312e+00 1.144451122447432967e+00
5.984636306762695312e+00 1.111384229340918406e+00
6.034717559814453125e+00 1.037852406389395465e+00
6.084798812866210938e+00 8.433547771208522725e-01
6.134879112243652344e+00 8.590003551375680058e-01
6.184959411621093750e+00 9.165293010498176685e-01
