2.504032291471958160e-02 0.000000000000000000e+00
7.512097060680389404e-02 0.000000000000000000e+00
1.252016127109527588e-01 0.000000000000000000e+00
1.752822697162628174e-01 0.000000000000000000e+00
2.253629118204116821e-01 0.000000000000000000e+00
2.754435539245605469e-01 0.000000000000000000e+00
3.255241811275482178e-01 0.000000000000000000e+00
3.756048679351806641e-01 0.000000000000000000e+00
4.256854951381683350e-01 0.000000000000000000e+00
4.757661223411560059e-01 0.000000000000000000e+00
5.258467793464660645e-01 0.000000000000000000e+00
5.759274363517761230e-01 0.000000000000000000e+00
6.260080337524414062e-01 0.000000000000000000e+00
6.760886311531066895e-01 0.000000000000000000e+00
7.261693477630615234e-01 0.000000000000000000e+00
7.762500047683715820e-01 0.000000000000000000e+00
8.263306617736816406e-01 0.000000000000000000e+00
8.764113187789916992e-01 0.000000000000000000e+00
9.264919161796569824e-01 0.000000000000000000e+00
9.765726327896118164e-01 0.000000000000000000e+00
1.026653170585632324e+00 0.000000000000000000e+00
1.076733946800231934e+00 0.000000000000000000e+00
1.126814484596252441e+00 0.000000000000000000e+00
1.176895141601562500e+00 0.000000000000000000e+00
1.226975798606872559e+00 0.000000000000000000e+00
1.277056336402893066e+00 0.000000000000000000e+00
1.327136993408203125e+00 0.000000000000000000e+00
1.377217769622802734e+00 0.000000000000000000e+00
1.427298307418823242e+00 0.000000000000000000e+00
1.477378845214843750e+00 0.000000000000000000e+00
1.527459621429443359e+00 0.000000000000000000e+00
1.577540397644042969e+00 0.000000000000000000e+00
1.627621054649353027e+00 0.000000000000000000e+00
1.677701592445373535e+00 0.000000000000000000e+00
1.727782249450683594e+00 0.000000000000000000e+00
1.777862906455993652e+00 0.000000000000000000e+00
1.827943563461303711e+00 0.000000000000000000e+00
1.878024220466613770e+00 0.000000000000000000e+00
1.928104758262634277e+00 0.000000000000000000e+00
1.978185415267944336e+00 0.000000000000000000e+00
2.028266191482543945e+00 0.000000000000000000e+00
2.078346729278564453e+00 0.000000000000000000e+00
2.128427267074584961e+00 0.000000000000000000e+00
2.178508043289184570e+00 0.000000000000000000e+00
2.228588819503784180e+00 0.000000000000000000e+00
2.278669357299804688e+00 0.000000000000000000e+00
2.328749895095825195e+00 0.000000000000000000e+00
2.378830671310424805e+00 0.000000000000000000e+00
2.428911209106445312e+00 0.000000000000000000e+00
2.478991985321044922e+00 4.521125890306020023e-02
2.529072761535644531e+00 2.662975467109807148e-01
2.579153060913085938e+00 8.871194839365279527e-01
2.629233598709106445e+00 1.619044856096998997e+00
2.679314613342285156e+00 2.485023349598145526e+00
2.729394912719726562e+00 2.896546413705276546e+00
2.779475688934326172e+00 2.790006193088650388e+00
2.829556465148925781e+00 2.489918470323057686e+00
2.879636764526367188e+00 2.252566749171462046e+00
2.929718017578125000e+00 2.237787419575606229e+00
2.979798316955566406e+00 1.586356091891638842e+00
3.029878616333007812e+00 1.406369834369399774e+00
3.079959869384765625e+00 9.636896467458723192e-01
3.130040168762207031e+00 8.492498825031035148e-01
3.180121183395385742e+00 7.564211644016685110e-01
3.230201721191406250e+00 8.914744376152397010e-01
3.280282020568847656e+00 8.459352010449971981e-01
3.330363035202026367e+00 6.809983885272125059e-01
3.380443572998046875e+00 8.864039553612693689e-01
3.430524110794067383e+00 8.453183878444582300e-01
3.480604887008666992e+00 1.028327326033686262e+00
3.530685424804687500e+00 9.477591706425873008e-01
3.580766201019287109e+00 8.903402594824588734e-01
3.630846738815307617e+00 9.046711492577549363e-01
3.680927276611328125e+00 9.546646646635752465e-01
3.731008052825927734e+00 1.053523052670707560e+00
3.781088590621948242e+00 9.588355186612425030e-01
3.831169366836547852e+00 9.664467289956242269e-01
3.881249904632568359e+00 9.364490323293042096e-01
3.931330442428588867e+00 9.703900531080889014e-01
3.981411457061767578e+00 9.518455889938834957e-01
4.031491756439208984e+00 1.017729175373139006e+00
4.081572532653808594e+00 9.729581306229531101e-01
4.131653308868408203e+00 9.914479884657813047e-01
4.181733608245849609e+00 1.009809388891339088e+00
4.231814384460449219e+00 1.038671509110874025e+00
4.281895160675048828e+00 1.114002436056727996e+00
4.331975460052490234e+00 1.034639779081413913e+00
4.382056713104248047e+00 1.053282091436129830e+00
4.432137012481689453e+00 1.168754697026715972e+00
4.482217311859130859e+00 1.207115603788648794e+00
4.532298564910888672e+00 1.153092473521527550e+00
4.582378864288330078e+00 1.074524966473344056e+00
4.632459640502929688e+00 1.070283314776077077e+00
4.682540416717529297e+00 1.113892742052366991e+00
4.732620716094970703e+00 1.041499524737202975e+00
4.782701492309570312e+00 1.017424501370135292e+00
4.832782268524169922e+00 1.044939060698868882e+00
4.882863044738769531e+00 1.170681720078557531e+00
4.932943344116210938e+00 1.069460381624103729e+00
4.983024120330810547e+00 9.882267980501524551e-01
5.033104419708251953e+00 9.802345881609180189e-01
5.083185195922851562e+00 9.437021016545824592e-01
5.133266448974609375e+00 9.729486758183851780e-01
5.183346271514892578e+00 9.155745080524754220e-01
5.233427047729492188e+00 9.323113922979254786e-01
5.283508300781250000e+00 1.041417287611665188e+00
5.333588600158691406e+00 1.056759655484335925e+00
5.383668899536132812e+00 1.005109955575735237e+00
5.433750152587890625e+00 1.031978629902832845e+00
5.483830451965332031e+00 1.024054431450607705e+00
5.533910751342773438e+00 9.739610264347977608e-01
5.583992004394531250e+00 9.545316920635692481e-01
5.634072303771972656e+00 9.575121773326240593e-01
5.684152603149414062e+00 8.599614236903817543e-01
5.734233856201171875e+00 9.304155356518677422e-01
5.784315109252929688e+00 9.927388363785416558e-01
5.834394454956054688e+00 9.633446849693566572e-01
5.884475708007812500e+00 9.586942729219866122e-01
5.934556961059570312e+00 9.761192212512459498e-01
5.984636306762695312e+00 1.033047662644582143e+00
6.034717559814453125e+00 1.068950660675933584e+00
6.084798812866210938e+00 9.725620473558295176e-01
6.134879112243652344e+00 9.891543557011490684e-01
6.184959411621093750e+00 1.015532466138668655e+00
